# Game Level Exporter v1.0
LIGHT
Light
<Matrix 4x4 (-0.2909, -0.0552,  0.9552, 0.0000)
            (-0.7711,  0.6045, -0.1999, 0.0000)
            (-0.5664, -0.7947, -0.2184, 0.0000)
            ( 4.0762,  5.9039,  1.0055, 1.0000)>
CAMERA
Camera
<Matrix 4x4 ( 0.6859,  0.0000,  0.7277, 0.0000)
            (-0.3240,  0.8954,  0.3054, 0.0000)
            (-0.6516, -0.4453,  0.6142, 0.0000)
            ( 7.3589,  4.9583, -6.9258, 1.0000)>
<FOV 0.6911112070083618 >
<Near 0.10000000149011612 >
<Far 100.0 >
MESH
MapleTree_1
<Matrix 4x4 ( 0.8443, 0.0000,  0.5358, 0.0000)
            ( 0.0000, 1.0000, -0.0000, 0.0000)
            (-0.5358, 0.0000,  0.8443, 0.0000)
            (-6.9104, 0.0000,  3.1069, 1.0000)>
MESH
MapleTree_1.001
<Matrix 4x4 (-0.4619, 0.0000, -0.8869, 0.0000)
            (-0.0000, 1.0000,  0.0000, 0.0000)
            ( 0.8869, 0.0000, -0.4619, 0.0000)
            (-4.9689, 0.0000, -0.7522, 1.0000)>
MESH
MapleTree_1.002
<Matrix 4x4 ( -0.2895, 0.0000, -0.9572, 0.0000)
            ( -0.0000, 1.0000,  0.0000, 0.0000)
            (  0.9572, 0.0000, -0.2895, 0.0000)
            (-11.5680, 0.0000, -1.9627, 1.0000)>
MESH
MapleTree_1.003
<Matrix 4x4 ( 0.4938, 0.0000, -0.8696, 0.0000)
            (-0.0000, 1.0000, -0.0000, 0.0000)
            ( 0.8696, 0.0000,  0.4938, 0.0000)
            (-9.6909, 0.0000, -7.2907, 1.0000)>
MESH
DeadTree_3
<Matrix 4x4 ( 1.0000, 0.0000,  0.0000, 0.0000)
            ( 0.0000, 1.0000, -0.0000, 0.0000)
            ( 0.0000, 0.0000,  1.0000, 0.0000)
            (-0.7043, 0.0000,  9.6761, 1.0000)>
MESH
DeadTree_3.001
<Matrix 4x4 ( 0.8627, 0.0000,  0.5057, 0.0000)
            ( 0.0000, 1.0000, -0.0000, 0.0000)
            (-0.5057, 0.0000,  0.8627, 0.0000)
            ( 2.7530, 0.0000,  7.2234, 1.0000)>
MESH
DeadTree_3.002
<Matrix 4x4 ( 0.8627,  0.0000,  0.5057, 0.0000)
            ( 0.0000,  1.0000, -0.0000, 0.0000)
            (-0.5057,  0.0000,  0.8627, 0.0000)
            (-4.0274, -0.0000,  8.2276, 1.0000)>
MESH
DeadTree_3.003
<Matrix 4x4 (-0.4341,  0.0000,  0.9009, 0.0000)
            ( 0.0000,  1.0000,  0.0000, 0.0000)
            (-0.9009,  0.0000, -0.4341, 0.0000)
            (-4.7676, -0.5080,  5.9255, 1.0000)>
MESH
Flower_4_Clump
<Matrix 4x4 (-0.0321, 0.0000,  0.9995, 0.0000)
            ( 0.0000, 1.0000,  0.0000, 0.0000)
            (-0.9995, 0.0000, -0.0321, 0.0000)
            (-0.1481, 0.0000,  0.4603, 1.0000)>
MESH
Flower_4_Clump.001
<Matrix 4x4 (-0.7583, 0.0000,  0.6519, 0.0000)
            ( 0.0000, 1.0000,  0.0000, 0.0000)
            (-0.6519, 0.0000, -0.7583, 0.0000)
            (-0.3645, 0.0000, -0.1050, 1.0000)>
MESH
Flower_4_Clump.002
<Matrix 4x4 (-0.0321, 0.0000,  0.9995, 0.0000)
            ( 0.0000, 1.0000,  0.0000, 0.0000)
            (-0.9995, 0.0000, -0.0321, 0.0000)
            (-0.7893, 0.0000,  0.2947, 1.0000)>
MESH
Flower_4_Clump.003
<Matrix 4x4 (-0.0321, 0.0000,  0.9995, 0.0000)
            ( 0.0000, 1.0000,  0.0000, 0.0000)
            (-0.9995, 0.0000, -0.0321, 0.0000)
            (-0.9839, 0.0000, -0.1749, 1.0000)>
MESH
Flower_4_Clump.004
<Matrix 4x4 ( 0.2423, 0.0000,  0.9702, 0.0000)
            ( 0.0000, 1.0000, -0.0000, 0.0000)
            (-0.9702, 0.0000,  0.2423, 0.0000)
            (-2.8273, 0.0000, -1.1923, 1.0000)>
MESH
Flower_4_Clump.005
<Matrix 4x4 ( 0.9288, 0.0000,  0.3706, 0.0000)
            ( 0.0000, 1.0000, -0.0000, 0.0000)
            (-0.3706, 0.0000,  0.9288, 0.0000)
            (-2.5117, 0.0000, -0.7938, 1.0000)>
MESH
Flower_4_Clump.006
<Matrix 4x4 (-0.9921, 0.0000,  0.1251, 0.0000)
            ( 0.0000, 1.0000,  0.0000, 0.0000)
            (-0.1251, 0.0000, -0.9921, 0.0000)
            (-2.2123, 0.0000, -1.2944, 1.0000)>
MESH
Flower_4_Clump.007
<Matrix 4x4 (-0.9774, 0.0000, -0.2116, 0.0000)
            (-0.0000, 1.0000,  0.0000, 0.0000)
            ( 0.2116, 0.0000, -0.9774, 0.0000)
            (-1.8497, 0.0000, -0.8098, 1.0000)>
MESH
Flower_4_Clump.008
<Matrix 4x4 ( 0.2423, 0.0000,  0.9702, 0.0000)
            ( 0.0000, 1.0000, -0.0000, 0.0000)
            (-0.9702, 0.0000,  0.2423, 0.0000)
            (-0.6743, 0.0000, -0.7225, 1.0000)>
MESH
Flower_4_Clump.009
<Matrix 4x4 (-0.9203, 0.0000,  0.3911, 0.0000)
            ( 0.0000, 1.0000,  0.0000, 0.0000)
            (-0.3911, 0.0000, -0.9203, 0.0000)
            (-1.0369, 0.0000, -1.2071, 1.0000)>
MESH
Flower_4_Clump.010
<Matrix 4x4 ( 0.2423, 0.0000,  0.9702, 0.0000)
            ( 0.0000, 1.0000, -0.0000, 0.0000)
            (-0.9702, 0.0000,  0.2423, 0.0000)
            (-1.3363, 0.0000, -0.7066, 1.0000)>
MESH
Flower_4_Clump.011
<Matrix 4x4 ( 0.2423, 0.0000,  0.9702, 0.0000)
            ( 0.0000, 1.0000, -0.0000, 0.0000)
            (-0.9702, 0.0000,  0.2423, 0.0000)
            (-1.6519, 0.0000, -1.1051, 1.0000)>
MESH
Flower_4_Clump.012
<Matrix 4x4 ( 0.5846, 0.0000, -0.8113, 0.0000)
            (-0.0000, 1.0000, -0.0000, 0.0000)
            ( 0.8113, 0.0000,  0.5846, 0.0000)
            (-2.2505, 0.0000, -0.3025, 1.0000)>
MESH
Flower_4_Clump.013
<Matrix 4x4 (-0.9894, 0.0000,  0.1452, 0.0000)
            ( 0.0000, 1.0000,  0.0000, 0.0000)
            (-0.1452, 0.0000, -0.9894, 0.0000)
            (-1.9349, 0.0000,  0.0960, 1.0000)>
MESH
Flower_4_Clump.014
<Matrix 4x4 ( 0.2423, 0.0000,  0.9702, 0.0000)
            ( 0.0000, 1.0000, -0.0000, 0.0000)
            (-0.9702, 0.0000,  0.2423, 0.0000)
            (-1.6355, 0.0000, -0.4046, 1.0000)>
MESH
Flower_4_Clump.015
<Matrix 4x4 (-0.4538, 0.0000,  0.8911, 0.0000)
            ( 0.0000, 1.0000,  0.0000, 0.0000)
            (-0.8911, 0.0000, -0.4538, 0.0000)
            (-1.1612, 0.0000, -0.3147, 1.0000)>
MESH
Flower_4_Clump.016
<Matrix 4x4 ( 0.9934, 0.0000, -0.1148, 0.0000)
            (-0.0000, 1.0000, -0.0000, 0.0000)
            ( 0.1148, 0.0000,  0.9934, 0.0000)
            ( 1.6786, 0.0000,  1.2058, 1.0000)>
MESH
Flower_4_Clump.017
<Matrix 4x4 ( 0.9934, 0.0000, -0.1148, 0.0000)
            (-0.0000, 1.0000, -0.0000, 0.0000)
            ( 0.1148, 0.0000,  0.9934, 0.0000)
            ( 1.1512, 0.0000,  1.5026, 1.0000)>
MESH
Flower_4_Clump.018
<Matrix 4x4 ( 0.9934, 0.0000, -0.1148, 0.0000)
            (-0.0000, 1.0000, -0.0000, 0.0000)
            ( 0.1148, 0.0000,  0.9934, 0.0000)
            ( 1.6089, 0.0000,  1.8643, 1.0000)>
MESH
Flower_4_Clump.019
<Matrix 4x4 (-0.1646, 0.0000, -0.9864, 0.0000)
            (-0.0000, 1.0000,  0.0000, 0.0000)
            ( 0.9864, 0.0000, -0.1646, 0.0000)
            ( 1.1729, 0.0000,  2.1257, 1.0000)>
MESH
Flower_4_Clump.020
<Matrix 4x4 ( 0.9934, 0.0000, -0.1148, 0.0000)
            (-0.0000, 1.0000, -0.0000, 0.0000)
            ( 0.1148, 0.0000,  0.9934, 0.0000)
            ( 0.4545, 0.0000,  1.4283, 1.0000)>
MESH
Flower_4_Clump.021
<Matrix 4x4 ( 0.5314, 0.0000,  0.8471, 0.0000)
            ( 0.0000, 1.0000, -0.0000, 0.0000)
            (-0.8471, 0.0000,  0.5314, 0.0000)
            ( 0.8905, 0.0000,  1.1669, 1.0000)>
MESH
Flower_4_Clump.022
<Matrix 4x4 ( 0.7680, 0.0000,  0.6404, 0.0000)
            ( 0.0000, 1.0000, -0.0000, 0.0000)
            (-0.6404, 0.0000,  0.7680, 0.0000)
            ( 0.4329, 0.0000,  0.8053, 1.0000)>
MESH
Flower_4_Clump.023
<Matrix 4x4 ( 0.0493, 0.0000,  0.9988, 0.0000)
            ( 0.0000, 1.0000, -0.0000, 0.0000)
            (-0.9988, 0.0000,  0.0493, 0.0000)
            ( 0.9603, 0.0000,  0.5084, 1.0000)>
MESH
Flower_4_Clump.024
<Matrix 4x4 ( 0.9934, 0.0000, -0.1148, 0.0000)
            (-0.0000, 1.0000, -0.0000, 0.0000)
            ( 0.1148, 0.0000,  0.9934, 0.0000)
            ( 0.7217, 0.0000,  1.6626, 1.0000)>
MESH
Flower_4_Clump.025
<Matrix 4x4 (-0.9490, 0.0000, -0.3153, 0.0000)
            (-0.0000, 1.0000,  0.0000, 0.0000)
            ( 0.3153, 0.0000, -0.9490, 0.0000)
            ( 0.1943, 0.0000,  1.9595, 1.0000)>
MESH
Flower_4_Clump.026
<Matrix 4x4 ( 0.9934, 0.0000, -0.1148, 0.0000)
            (-0.0000, 1.0000, -0.0000, 0.0000)
            ( 0.1148, 0.0000,  0.9934, 0.0000)
            ( 0.6520, 0.0000,  2.3211, 1.0000)>
MESH
Flower_4_Clump.027
<Matrix 4x4 ( 0.4551, 0.0000,  0.8905, 0.0000)
            ( 0.0000, 1.0000, -0.0000, 0.0000)
            (-0.8905, 0.0000,  0.4551, 0.0000)
            ( 0.2160, 0.0000,  2.5825, 1.0000)>
MESH
Flower_4_Clump.028
<Matrix 4x4 ( 0.7051, 0.0000,  0.7091, 0.0000)
            ( 0.0000, 1.0000, -0.0000, 0.0000)
            (-0.7091, 0.0000,  0.7051, 0.0000)
            ( 1.6971, 0.0000,  0.9808, 1.0000)>
MESH
Flower_4_Clump.029
<Matrix 4x4 ( 0.8504, 0.0000, -0.5261, 0.0000)
            (-0.0000, 1.0000, -0.0000, 0.0000)
            ( 0.5261, 0.0000,  0.8504, 0.0000)
            ( 1.9806, 0.0000,  0.5589, 1.0000)>
MESH
Flower_4_Clump.030
<Matrix 4x4 ( 0.8504, 0.0000, -0.5261, 0.0000)
            (-0.0000, 1.0000, -0.0000, 0.0000)
            ( 0.5261, 0.0000,  0.8504, 0.0000)
            ( 1.4127, 0.0000,  0.4260, 1.0000)>
MESH
Flower_4_Clump.031
<Matrix 4x4 ( 0.8504, 0.0000, -0.5261, 0.0000)
            (-0.0000, 1.0000, -0.0000, 0.0000)
            ( 0.5261, 0.0000,  0.8504, 0.0000)
            ( 1.7639, 0.0000, -0.0668, 1.0000)>
LIGHT
Light.001
<Matrix 4x4 (-0.9298, -0.0552, -0.3639, 0.0000)
            ( 0.2589,  0.6045, -0.7533, 0.0000)
            ( 0.2615, -0.7947, -0.5478, 0.0000)
            (-0.9773,  5.9039,  4.5049, 1.0000)>
MESH
Flower_4_Clump.032
<Matrix 4x4 ( 0.4588, 0.0000,  0.8885, 0.0000)
            ( 0.0000, 1.0000, -0.0000, 0.0000)
            (-0.8885, 0.0000,  0.4588, 0.0000)
            ( 0.2706, 0.0000,  2.2825, 1.0000)>
MESH
Flower_4_Clump.033
<Matrix 4x4 ( 0.4588, 0.0000,  0.8885, 0.0000)
            ( 0.0000, 1.0000, -0.0000, 0.0000)
            (-0.8885, 0.0000,  0.4588, 0.0000)
            (-0.1937, 0.0000,  1.8942, 1.0000)>
MESH
Flower_4_Clump.034
<Matrix 4x4 ( 0.4588, 0.0000,  0.8885, 0.0000)
            ( 0.0000, 1.0000, -0.0000, 0.0000)
            (-0.8885, 0.0000,  0.4588, 0.0000)
            (-0.3700, 0.0000,  2.4501, 1.0000)>
MESH
Flower_4_Clump.035
<Matrix 4x4 (-0.7615, 0.0000,  0.6482, 0.0000)
            ( 0.0000, 1.0000,  0.0000, 0.0000)
            (-0.6482, 0.0000, -0.7615, 0.0000)
            (-0.7687, 0.0000,  2.1348, 1.0000)>
MESH
Flower_4_Clump.036
<Matrix 4x4 (-0.9230, 0.0000,  0.3848, 0.0000)
            ( 0.0000, 1.0000,  0.0000, 0.0000)
            (-0.3848, 0.0000, -0.9230, 0.0000)
            (-2.2511, 0.0000,  0.5343, 1.0000)>
MESH
Flower_4_Clump.037
<Matrix 4x4 ( 0.0377, 0.0000,  0.9993, 0.0000)
            ( 0.0000, 1.0000, -0.0000, 0.0000)
            (-0.9993, 0.0000,  0.0377, 0.0000)
            (-2.0242, 0.0000,  0.9892, 1.0000)>
MESH
Flower_4_Clump.038
<Matrix 4x4 ( 0.3878, 0.0000, -0.9218, 0.0000)
            (-0.0000, 1.0000, -0.0000, 0.0000)
            ( 0.9218, 0.0000,  0.3878, 0.0000)
            (-1.6283, 0.0000,  0.5609, 1.0000)>
MESH
Flower_4_Clump.039
<Matrix 4x4 ( 0.0377, 0.0000,  0.9993, 0.0000)
            ( 0.0000, 1.0000, -0.0000, 0.0000)
            (-0.9993, 0.0000,  0.0377, 0.0000)
            (-1.3731, 0.0000,  1.1097, 1.0000)>
MESH
Flower_4_Clump.040
<Matrix 4x4 (-0.9996, 0.0000, -0.0281, 0.0000)
            (-0.0000, 1.0000,  0.0000, 0.0000)
            ( 0.0281, 0.0000, -0.9996, 0.0000)
            (-0.2408, 0.0000,  1.4367, 1.0000)>
MESH
Flower_4_Clump.041
<Matrix 4x4 (-0.6979, 0.0000,  0.7162, 0.0000)
            ( 0.0000, 1.0000,  0.0000, 0.0000)
            (-0.7162, 0.0000, -0.6979, 0.0000)
            (-0.4960, 0.0000,  0.8879, 1.0000)>
MESH
Flower_4_Clump.042
<Matrix 4x4 (-0.8857, 0.0000,  0.4643, 0.0000)
            ( 0.0000, 1.0000,  0.0000, 0.0000)
            (-0.4643, 0.0000, -0.8857, 0.0000)
            (-0.8919, 0.0000,  1.3162, 1.0000)>
MESH
Flower_4_Clump.043
<Matrix 4x4 ( 0.0377, 0.0000,  0.9993, 0.0000)
            ( 0.0000, 1.0000, -0.0000, 0.0000)
            (-0.9993, 0.0000,  0.0377, 0.0000)
            (-1.1188, 0.0000,  0.8614, 1.0000)>
MESH
Flower_4_Clump.044
<Matrix 4x4 ( 0.9961, 0.0000, -0.0879, 0.0000)
            (-0.0000, 1.0000, -0.0000, 0.0000)
            ( 0.0879, 0.0000,  0.9961, 0.0000)
            (-1.8696, 0.0000,  1.5237, 1.0000)>
MESH
Flower_4_Clump.045
<Matrix 4x4 ( 0.0377, 0.0000,  0.9993, 0.0000)
            ( 0.0000, 1.0000, -0.0000, 0.0000)
            (-0.9993, 0.0000,  0.0377, 0.0000)
            (-1.6427, 0.0000,  1.9785, 1.0000)>
MESH
Flower_4_Clump.046
<Matrix 4x4 ( 0.0377, 0.0000,  0.9993, 0.0000)
            ( 0.0000, 1.0000, -0.0000, 0.0000)
            (-0.9993, 0.0000,  0.0377, 0.0000)
            (-1.2468, 0.0000,  1.5502, 1.0000)>
MESH
Flower_4_Clump.047
<Matrix 4x4 ( 0.0377, 0.0000,  0.9993, 0.0000)
            ( 0.0000, 1.0000, -0.0000, 0.0000)
            (-0.9993, 0.0000,  0.0377, 0.0000)
            (-0.9916, 0.0000,  2.0990, 1.0000)>
MESH
Flower_4_Clump.048
<Matrix 4x4 (-0.8533, 0.0000, -0.5214, 0.0000)
            (-0.0000, 1.0000,  0.0000, 0.0000)
            ( 0.5214, 0.0000, -0.8533, 0.0000)
            ( 0.7439, 0.0000, -0.6147, 1.0000)>
MESH
Flower_4_Clump.049
<Matrix 4x4 (-0.9860, 0.0000,  0.1666, 0.0000)
            ( 0.0000, 1.0000,  0.0000, 0.0000)
            (-0.1666, 0.0000, -0.9860, 0.0000)
            ( 0.8702, 0.0000, -1.0807, 1.0000)>
MESH
Flower_4_Clump.050
<Matrix 4x4 (-0.0682, 0.0000, -0.9977, 0.0000)
            (-0.0000, 1.0000,  0.0000, 0.0000)
            ( 0.9977, 0.0000, -0.0682, 0.0000)
            ( 0.3943, 0.0000, -1.4179, 1.0000)>
MESH
Flower_4_Clump.051
<Matrix 4x4 ( 0.7637, 0.0000,  0.6456, 0.0000)
            ( 0.0000, 1.0000, -0.0000, 0.0000)
            (-0.6456, 0.0000,  0.7637, 0.0000)
            ( 0.8160, 0.0000, -1.7017, 1.0000)>
MESH
Flower_4_Clump.052
<Matrix 4x4 (-0.9860, 0.0000,  0.1666, 0.0000)
            ( 0.0000, 1.0000,  0.0000, 0.0000)
            (-0.1666, 0.0000, -0.9860, 0.0000)
            ( 1.5699, 0.0000, -1.0428, 1.0000)>
MESH
Flower_4_Clump.053
<Matrix 4x4 (-0.9860, 0.0000,  0.1666, 0.0000)
            ( 0.0000, 1.0000,  0.0000, 0.0000)
            (-0.1666, 0.0000, -0.9860, 0.0000)
            ( 1.1481, 0.0000, -0.7590, 1.0000)>
MESH
Flower_4_Clump.054
<Matrix 4x4 (-0.3188, 0.0000, -0.9478, 0.0000)
            (-0.0000, 1.0000,  0.0000, 0.0000)
            ( 0.9478, 0.0000, -0.3188, 0.0000)
            ( 1.6240, 0.0000, -0.4218, 1.0000)>
MESH
Flower_4_Clump.055
<Matrix 4x4 (-0.9860, 0.0000,  0.1666, 0.0000)
            ( 0.0000, 1.0000,  0.0000, 0.0000)
            (-0.1666, 0.0000, -0.9860, 0.0000)
            ( 1.1129, 0.0000, -0.0978, 1.0000)>
MESH
Flower_4_Clump.056
<Matrix 4x4 ( 0.2866, 0.0000, -0.9581, 0.0000)
            (-0.0000, 1.0000, -0.0000, 0.0000)
            ( 0.9581, 0.0000,  0.2866, 0.0000)
            ( 1.2908, 0.0000, -1.2629, 1.0000)>
MESH
Flower_4_Clump.057
<Matrix 4x4 (-0.0480, 0.0000, -0.9988, 0.0000)
            (-0.0000, 1.0000,  0.0000, 0.0000)
            ( 0.9988, 0.0000, -0.0480, 0.0000)
            ( 1.8019, 0.0000, -1.5869, 1.0000)>
MESH
Flower_4_Clump.058
<Matrix 4x4 (-0.4413, 0.0000,  0.8974, 0.0000)
            ( 0.0000, 1.0000,  0.0000, 0.0000)
            (-0.8974, 0.0000, -0.4413, 0.0000)
            ( 1.3260, 0.0000, -1.9241, 1.0000)>
MESH
Flower_4_Clump.059
<Matrix 4x4 (-0.9860, 0.0000,  0.1666, 0.0000)
            ( 0.0000, 1.0000,  0.0000, 0.0000)
            (-0.1666, 0.0000, -0.9860, 0.0000)
            ( 1.7478, 0.0000, -2.2079, 1.0000)>
MESH
Flower_4_Clump.060
<Matrix 4x4 (-0.9940, 0.0000, -0.1093, 0.0000)
            (-0.0000, 1.0000,  0.0000, 0.0000)
            ( 0.1093, 0.0000, -0.9940, 0.0000)
            ( 0.5908, 0.0000, -0.4488, 1.0000)>
MESH
Flower_4_Clump.061
<Matrix 4x4 (-0.9940, 0.0000, -0.1093, 0.0000)
            (-0.0000, 1.0000,  0.0000, 0.0000)
            ( 0.1093, 0.0000, -0.9940, 0.0000)
            ( 0.1076, 0.0000, -0.2910, 1.0000)>
MESH
Flower_4_Clump.062
<Matrix 4x4 (-0.5913, 0.0000, -0.8064, 0.0000)
            (-0.0000, 1.0000,  0.0000, 0.0000)
            ( 0.8064, 0.0000, -0.5913, 0.0000)
            ( 0.4732, 0.0000,  0.1634, 1.0000)>
MESH
Flower_4_Clump.063
<Matrix 4x4 (-0.9940, 0.0000, -0.1093, 0.0000)
            (-0.0000, 1.0000,  0.0000, 0.0000)
            ( 0.1093, 0.0000, -0.9940, 0.0000)
            (-0.1071, 0.0000,  0.3354, 1.0000)>
LIGHT
Light.002
<Matrix 4x4 (-0.2909, -0.0552,  0.9552, 0.0000)
            (-0.7711,  0.6045, -0.1999, 0.0000)
            (-0.5664, -0.7947, -0.2184, 0.0000)
            (-1.2507,  5.9039,  0.3526, 1.0000)>
MESH
Flower_4_Clump.064
<Matrix 4x4 (-0.9940, 0.0000, -0.1093, 0.0000)
            (-0.0000, 1.0000,  0.0000, 0.0000)
            ( 0.1093, 0.0000, -0.9940, 0.0000)
            (-5.4340, 0.0000, -0.3175, 1.0000)>
MESH
Flower_4_Clump.065
<Matrix 4x4 (-0.5913, 0.0000, -0.8064, 0.0000)
            (-0.0000, 1.0000,  0.0000, 0.0000)
            ( 0.8064, 0.0000, -0.5913, 0.0000)
            (-4.8537, 0.0000, -0.4894, 1.0000)>
MESH
Flower_4_Clump.066
<Matrix 4x4 (-0.9940, 0.0000, -0.1093, 0.0000)
            (-0.0000, 1.0000,  0.0000, 0.0000)
            ( 0.1093, 0.0000, -0.9940, 0.0000)
            (-5.2193, 0.0000, -0.9439, 1.0000)>
MESH
Flower_4_Clump.067
<Matrix 4x4 (-0.9940, 0.0000, -0.1093, 0.0000)
            (-0.0000, 1.0000,  0.0000, 0.0000)
            ( 0.1093, 0.0000, -0.9940, 0.0000)
            (-4.7361, 0.0000, -1.1016, 1.0000)>
MESH
Flower_4_Clump.068
<Matrix 4x4 (-0.9860, 0.0000,  0.1666, 0.0000)
            ( 0.0000, 1.0000,  0.0000, 0.0000)
            (-0.1666, 0.0000, -0.9860, 0.0000)
            (-3.5792, 0.0000, -2.8608, 1.0000)>
MESH
Flower_4_Clump.069
<Matrix 4x4 (-0.4413, 0.0000,  0.8974, 0.0000)
            ( 0.0000, 1.0000,  0.0000, 0.0000)
            (-0.8974, 0.0000, -0.4413, 0.0000)
            (-4.0009, 0.0000, -2.5770, 1.0000)>
MESH
Flower_4_Clump.070
<Matrix 4x4 (-0.0480, 0.0000, -0.9988, 0.0000)
            (-0.0000, 1.0000,  0.0000, 0.0000)
            ( 0.9988, 0.0000, -0.0480, 0.0000)
            (-3.5250, 0.0000, -2.2397, 1.0000)>
MESH
Flower_4_Clump.071
<Matrix 4x4 ( 0.2866, 0.0000, -0.9581, 0.0000)
            (-0.0000, 1.0000, -0.0000, 0.0000)
            ( 0.9581, 0.0000,  0.2866, 0.0000)
            (-4.0362, 0.0000, -1.9157, 1.0000)>
MESH
Flower_4_Clump.072
<Matrix 4x4 (-0.9860, 0.0000,  0.1666, 0.0000)
            ( 0.0000, 1.0000,  0.0000, 0.0000)
            (-0.1666, 0.0000, -0.9860, 0.0000)
            (-4.2140, 0.0000, -0.7506, 1.0000)>
MESH
Flower_4_Clump.073
<Matrix 4x4 (-0.3188, 0.0000, -0.9478, 0.0000)
            (-0.0000, 1.0000,  0.0000, 0.0000)
            ( 0.9478, 0.0000, -0.3188, 0.0000)
            (-3.7029, 0.0000, -1.0746, 1.0000)>
MESH
Flower_4_Clump.074
<Matrix 4x4 (-0.9860, 0.0000,  0.1666, 0.0000)
            ( 0.0000, 1.0000,  0.0000, 0.0000)
            (-0.1666, 0.0000, -0.9860, 0.0000)
            (-4.1788, 0.0000, -1.4118, 1.0000)>
MESH
Flower_4_Clump.075
<Matrix 4x4 (-0.9860, 0.0000,  0.1666, 0.0000)
            ( 0.0000, 1.0000,  0.0000, 0.0000)
            (-0.1666, 0.0000, -0.9860, 0.0000)
            (-3.7571, 0.0000, -1.6957, 1.0000)>
MESH
Flower_4_Clump.076
<Matrix 4x4 ( 0.7637, 0.0000,  0.6456, 0.0000)
            ( 0.0000, 1.0000, -0.0000, 0.0000)
            (-0.6456, 0.0000,  0.7637, 0.0000)
            (-4.5109, 0.0000, -2.3546, 1.0000)>
MESH
Flower_4_Clump.077
<Matrix 4x4 (-0.0682, 0.0000, -0.9977, 0.0000)
            (-0.0000, 1.0000,  0.0000, 0.0000)
            ( 0.9977, 0.0000, -0.0682, 0.0000)
            (-4.9326, 0.0000, -2.0707, 1.0000)>
MESH
Flower_4_Clump.078
<Matrix 4x4 (-0.9860, 0.0000,  0.1666, 0.0000)
            ( 0.0000, 1.0000,  0.0000, 0.0000)
            (-0.1666, 0.0000, -0.9860, 0.0000)
            (-4.4567, 0.0000, -1.7335, 1.0000)>
MESH
Flower_4_Clump.079
<Matrix 4x4 (-0.8533, 0.0000, -0.5214, 0.0000)
            (-0.0000, 1.0000,  0.0000, 0.0000)
            ( 0.5214, 0.0000, -0.8533, 0.0000)
            (-4.5830, 0.0000, -1.2675, 1.0000)>
MESH
Flower_4_Clump.080
<Matrix 4x4 ( 0.0377, 0.0000,  0.9993, 0.0000)
            ( 0.0000, 1.0000, -0.0000, 0.0000)
            (-0.9993, 0.0000,  0.0377, 0.0000)
            (-6.3185, 0.0000,  1.4462, 1.0000)>
MESH
Flower_4_Clump.081
<Matrix 4x4 ( 0.0377, 0.0000,  0.9993, 0.0000)
            ( 0.0000, 1.0000, -0.0000, 0.0000)
            (-0.9993, 0.0000,  0.0377, 0.0000)
            (-6.5737, 0.0000,  0.8974, 1.0000)>
MESH
Flower_4_Clump.082
<Matrix 4x4 ( 0.0377, 0.0000,  0.9993, 0.0000)
            ( 0.0000, 1.0000, -0.0000, 0.0000)
            (-0.9993, 0.0000,  0.0377, 0.0000)
            (-6.9696, 0.0000,  1.3257, 1.0000)>
MESH
Flower_4_Clump.083
<Matrix 4x4 ( 0.9961, 0.0000, -0.0879, 0.0000)
            (-0.0000, 1.0000, -0.0000, 0.0000)
            ( 0.0879, 0.0000,  0.9961, 0.0000)
            (-7.1966, 0.0000,  0.8708, 1.0000)>
MESH
Flower_4_Clump.084
<Matrix 4x4 ( 0.0377, 0.0000,  0.9993, 0.0000)
            ( 0.0000, 1.0000, -0.0000, 0.0000)
            (-0.9993, 0.0000,  0.0377, 0.0000)
            (-6.4457, 0.0000,  0.2085, 1.0000)>
MESH
Flower_4_Clump.085
<Matrix 4x4 (-0.8857, 0.0000,  0.4643, 0.0000)
            ( 0.0000, 1.0000,  0.0000, 0.0000)
            (-0.4643, 0.0000, -0.8857, 0.0000)
            (-6.2188, 0.0000,  0.6634, 1.0000)>
MESH
Flower_4_Clump.086
<Matrix 4x4 (-0.6979, 0.0000,  0.7162, 0.0000)
            ( 0.0000, 1.0000,  0.0000, 0.0000)
            (-0.7162, 0.0000, -0.6979, 0.0000)
            (-5.8229, 0.0000,  0.2351, 1.0000)>
MESH
Flower_4_Clump.087
<Matrix 4x4 (-0.9996, 0.0000, -0.0281, 0.0000)
            (-0.0000, 1.0000,  0.0000, 0.0000)
            ( 0.0281, 0.0000, -0.9996, 0.0000)
            (-5.5677, 0.0000,  0.7839, 1.0000)>
MESH
Flower_4_Clump.088
<Matrix 4x4 ( 0.0377, 0.0000,  0.9993, 0.0000)
            ( 0.0000, 1.0000, -0.0000, 0.0000)
            (-0.9993, 0.0000,  0.0377, 0.0000)
            (-6.7000, 0.0000,  0.4568, 1.0000)>
MESH
Flower_4_Clump.089
<Matrix 4x4 ( 0.3878, 0.0000, -0.9218, 0.0000)
            (-0.0000, 1.0000, -0.0000, 0.0000)
            ( 0.9218, 0.0000,  0.3878, 0.0000)
            (-6.9552, 0.0000, -0.0920, 1.0000)>
MESH
Flower_4_Clump.090
<Matrix 4x4 ( 0.0377, 0.0000,  0.9993, 0.0000)
            ( 0.0000, 1.0000, -0.0000, 0.0000)
            (-0.9993, 0.0000,  0.0377, 0.0000)
            (-7.3511, 0.0000,  0.3363, 1.0000)>
MESH
Flower_4_Clump.091
<Matrix 4x4 (-0.9230, 0.0000,  0.3848, 0.0000)
            ( 0.0000, 1.0000,  0.0000, 0.0000)
            (-0.3848, 0.0000, -0.9230, 0.0000)
            (-7.5780, 0.0000, -0.1186, 1.0000)>
MESH
Flower_4_Clump.092
<Matrix 4x4 (-0.7615, 0.0000,  0.6482, 0.0000)
            ( 0.0000, 1.0000,  0.0000, 0.0000)
            (-0.6482, 0.0000, -0.7615, 0.0000)
            (-6.0956, 0.0000,  1.4820, 1.0000)>
MESH
Flower_4_Clump.093
<Matrix 4x4 ( 0.4588, 0.0000,  0.8885, 0.0000)
            ( 0.0000, 1.0000, -0.0000, 0.0000)
            (-0.8885, 0.0000,  0.4588, 0.0000)
            (-5.6969, 0.0000,  1.7973, 1.0000)>
MESH
Flower_4_Clump.094
<Matrix 4x4 ( 0.4588, 0.0000,  0.8885, 0.0000)
            ( 0.0000, 1.0000, -0.0000, 0.0000)
            (-0.8885, 0.0000,  0.4588, 0.0000)
            (-5.5206, 0.0000,  1.2413, 1.0000)>
MESH
Flower_4_Clump.095
<Matrix 4x4 ( 0.4588, 0.0000,  0.8885, 0.0000)
            ( 0.0000, 1.0000, -0.0000, 0.0000)
            (-0.8885, 0.0000,  0.4588, 0.0000)
            (-5.0563, 0.0000,  1.6296, 1.0000)>
MESH
Flower_4_Clump.096
<Matrix 4x4 ( 0.8504, 0.0000, -0.5261, 0.0000)
            (-0.0000, 1.0000, -0.0000, 0.0000)
            ( 0.5261, 0.0000,  0.8504, 0.0000)
            (-3.5630, 0.0000, -0.7197, 1.0000)>
MESH
Flower_4_Clump.097
<Matrix 4x4 ( 0.8504, 0.0000, -0.5261, 0.0000)
            (-0.0000, 1.0000, -0.0000, 0.0000)
            ( 0.5261, 0.0000,  0.8504, 0.0000)
            (-3.9142, 0.0000, -0.2268, 1.0000)>
MESH
Flower_4_Clump.098
<Matrix 4x4 ( 0.8504, 0.0000, -0.5261, 0.0000)
            (-0.0000, 1.0000, -0.0000, 0.0000)
            ( 0.5261, 0.0000,  0.8504, 0.0000)
            (-3.3463, 0.0000, -0.0940, 1.0000)>
MESH
Flower_4_Clump.099
<Matrix 4x4 ( 0.7051, 0.0000,  0.7091, 0.0000)
            ( 0.0000, 1.0000, -0.0000, 0.0000)
            (-0.7091, 0.0000,  0.7051, 0.0000)
            (-3.6298, 0.0000,  0.3279, 1.0000)>
MESH
Flower_4_Clump.100
<Matrix 4x4 ( 0.4551, 0.0000,  0.8905, 0.0000)
            ( 0.0000, 1.0000, -0.0000, 0.0000)
            (-0.8905, 0.0000,  0.4551, 0.0000)
            (-5.1109, 0.0000,  1.9297, 1.0000)>
MESH
Flower_4_Clump.101
<Matrix 4x4 ( 0.9934, 0.0000, -0.1148, 0.0000)
            (-0.0000, 1.0000, -0.0000, 0.0000)
            ( 0.1148, 0.0000,  0.9934, 0.0000)
            (-4.6749, 0.0000,  1.6683, 1.0000)>
MESH
Flower_4_Clump.102
<Matrix 4x4 (-0.9490, 0.0000, -0.3153, 0.0000)
            (-0.0000, 1.0000,  0.0000, 0.0000)
            ( 0.3153, 0.0000, -0.9490, 0.0000)
            (-5.1326, 0.0000,  1.3067, 1.0000)>
MESH
Flower_4_Clump.103
<Matrix 4x4 ( 0.9934, 0.0000, -0.1148, 0.0000)
            (-0.0000, 1.0000, -0.0000, 0.0000)
            ( 0.1148, 0.0000,  0.9934, 0.0000)
            (-4.6052, 0.0000,  1.0098, 1.0000)>
MESH
Flower_4_Clump.104
<Matrix 4x4 ( 0.0493, 0.0000,  0.9988, 0.0000)
            ( 0.0000, 1.0000, -0.0000, 0.0000)
            (-0.9988, 0.0000,  0.0493, 0.0000)
            (-4.3666, 0.0000, -0.1445, 1.0000)>
MESH
Flower_4_Clump.105
<Matrix 4x4 ( 0.7680, 0.0000,  0.6404, 0.0000)
            ( 0.0000, 1.0000, -0.0000, 0.0000)
            (-0.6404, 0.0000,  0.7680, 0.0000)
            (-4.8940, 0.0000,  0.1524, 1.0000)>
MESH
Flower_4_Clump.106
<Matrix 4x4 ( 0.5314, 0.0000,  0.8471, 0.0000)
            ( 0.0000, 1.0000, -0.0000, 0.0000)
            (-0.8471, 0.0000,  0.5314, 0.0000)
            (-4.4364, 0.0000,  0.5140, 1.0000)>
MESH
Flower_4_Clump.107
<Matrix 4x4 ( 0.9934, 0.0000, -0.1148, 0.0000)
            (-0.0000, 1.0000, -0.0000, 0.0000)
            ( 0.1148, 0.0000,  0.9934, 0.0000)
            (-4.8724, 0.0000,  0.7754, 1.0000)>
MESH
Flower_4_Clump.108
<Matrix 4x4 (-0.1646, 0.0000, -0.9864, 0.0000)
            (-0.0000, 1.0000,  0.0000, 0.0000)
            ( 0.9864, 0.0000, -0.1646, 0.0000)
            (-4.1540, 0.0000,  1.4728, 1.0000)>
MESH
Flower_4_Clump.109
<Matrix 4x4 ( 0.9934, 0.0000, -0.1148, 0.0000)
            (-0.0000, 1.0000, -0.0000, 0.0000)
            ( 0.1148, 0.0000,  0.9934, 0.0000)
            (-3.7180, 0.0000,  1.2114, 1.0000)>
MESH
Flower_4_Clump.110
<Matrix 4x4 ( 0.9934, 0.0000, -0.1148, 0.0000)
            (-0.0000, 1.0000, -0.0000, 0.0000)
            ( 0.1148, 0.0000,  0.9934, 0.0000)
            (-4.1757, 0.0000,  0.8498, 1.0000)>
MESH
Flower_4_Clump.111
<Matrix 4x4 ( 0.9934, 0.0000, -0.1148, 0.0000)
            (-0.0000, 1.0000, -0.0000, 0.0000)
            ( 0.1148, 0.0000,  0.9934, 0.0000)
            (-3.6483, 0.0000,  0.5529, 1.0000)>
MESH
Flower_4_Clump.112
<Matrix 4x4 (-0.4538, 0.0000,  0.8911, 0.0000)
            ( 0.0000, 1.0000,  0.0000, 0.0000)
            (-0.8911, 0.0000, -0.4538, 0.0000)
            (-6.4881, 0.0000, -0.9675, 1.0000)>
MESH
Flower_4_Clump.113
<Matrix 4x4 ( 0.2423, 0.0000,  0.9702, 0.0000)
            ( 0.0000, 1.0000, -0.0000, 0.0000)
            (-0.9702, 0.0000,  0.2423, 0.0000)
            (-6.9624, 0.0000, -1.0574, 1.0000)>
MESH
Flower_4_Clump.114
<Matrix 4x4 (-0.9894, 0.0000,  0.1452, 0.0000)
            ( 0.0000, 1.0000,  0.0000, 0.0000)
            (-0.1452, 0.0000, -0.9894, 0.0000)
            (-7.2618, 0.0000, -0.5569, 1.0000)>
MESH
Flower_4_Clump.115
<Matrix 4x4 ( 0.5846, 0.0000, -0.8113, 0.0000)
            (-0.0000, 1.0000, -0.0000, 0.0000)
            ( 0.8113, 0.0000,  0.5846, 0.0000)
            (-7.5774, 0.0000, -0.9554, 1.0000)>
MESH
Flower_4_Clump.116
<Matrix 4x4 ( 0.2423, 0.0000,  0.9702, 0.0000)
            ( 0.0000, 1.0000, -0.0000, 0.0000)
            (-0.9702, 0.0000,  0.2423, 0.0000)
            (-6.9788, 0.0000, -1.7579, 1.0000)>
MESH
Flower_4_Clump.117
<Matrix 4x4 ( 0.2423, 0.0000,  0.9702, 0.0000)
            ( 0.0000, 1.0000, -0.0000, 0.0000)
            (-0.9702, 0.0000,  0.2423, 0.0000)
            (-6.6632, 0.0000, -1.3594, 1.0000)>
MESH
Flower_4_Clump.118
<Matrix 4x4 (-0.9203, 0.0000,  0.3911, 0.0000)
            ( 0.0000, 1.0000,  0.0000, 0.0000)
            (-0.3911, 0.0000, -0.9203, 0.0000)
            (-6.3638, 0.0000, -1.8600, 1.0000)>
MESH
Flower_4_Clump.119
<Matrix 4x4 ( 0.2423, 0.0000,  0.9702, 0.0000)
            ( 0.0000, 1.0000, -0.0000, 0.0000)
            (-0.9702, 0.0000,  0.2423, 0.0000)
            (-6.0012, 0.0000, -1.3754, 1.0000)>
MESH
Flower_4_Clump.120
<Matrix 4x4 (-0.9774, 0.0000, -0.2116, 0.0000)
            (-0.0000, 1.0000,  0.0000, 0.0000)
            ( 0.2116, 0.0000, -0.9774, 0.0000)
            (-7.1766, 0.0000, -1.4626, 1.0000)>
MESH
Flower_4_Clump.121
<Matrix 4x4 (-0.9921, 0.0000,  0.1251, 0.0000)
            ( 0.0000, 1.0000,  0.0000, 0.0000)
            (-0.1251, 0.0000, -0.9921, 0.0000)
            (-7.5392, 0.0000, -1.9472, 1.0000)>
MESH
Flower_4_Clump.122
<Matrix 4x4 ( 0.9288, 0.0000,  0.3706, 0.0000)
            ( 0.0000, 1.0000, -0.0000, 0.0000)
            (-0.3706, 0.0000,  0.9288, 0.0000)
            (-7.8386, 0.0000, -1.4467, 1.0000)>
MESH
Flower_4_Clump.123
<Matrix 4x4 ( 0.2423, 0.0000,  0.9702, 0.0000)
            ( 0.0000, 1.0000, -0.0000, 0.0000)
            (-0.9702, 0.0000,  0.2423, 0.0000)
            (-8.1542, 0.0000, -1.8452, 1.0000)>
MESH
Flower_4_Clump.124
<Matrix 4x4 (-0.0321, 0.0000,  0.9995, 0.0000)
            ( 0.0000, 1.0000,  0.0000, 0.0000)
            (-0.9995, 0.0000, -0.0321, 0.0000)
            (-6.3108, 0.0000, -0.8277, 1.0000)>
MESH
Flower_4_Clump.125
<Matrix 4x4 (-0.0321, 0.0000,  0.9995, 0.0000)
            ( 0.0000, 1.0000,  0.0000, 0.0000)
            (-0.9995, 0.0000, -0.0321, 0.0000)
            (-6.1162, 0.0000, -0.3581, 1.0000)>
MESH
Flower_4_Clump.126
<Matrix 4x4 (-0.7583, 0.0000,  0.6519, 0.0000)
            ( 0.0000, 1.0000,  0.0000, 0.0000)
            (-0.6519, 0.0000, -0.7583, 0.0000)
            (-5.6914, 0.0000, -0.7578, 1.0000)>
MESH
Flower_4_Clump.127
<Matrix 4x4 (-0.0321, 0.0000,  0.9995, 0.0000)
            ( 0.0000, 1.0000,  0.0000, 0.0000)
            (-0.9995, 0.0000, -0.0321, 0.0000)
            (-5.4751, 0.0000, -0.1926, 1.0000)>
MESH
Flower_4_Clump.128
<Matrix 4x4 ( 0.6166, 0.0000,  0.7873, 0.0000)
            ( 0.0000, 1.0000, -0.0000, 0.0000)
            (-0.7873, 0.0000,  0.6166, 0.0000)
            (-4.1919, 0.0000,  3.5762, 1.0000)>
MESH
Flower_4_Clump.129
<Matrix 4x4 ( 0.6166, 0.0000,  0.7873, 0.0000)
            ( 0.0000, 1.0000, -0.0000, 0.0000)
            (-0.7873, 0.0000,  0.6166, 0.0000)
            (-4.7205, 0.0000,  3.2814, 1.0000)>
MESH
Flower_4_Clump.130
<Matrix 4x4 ( 0.6166, 0.0000,  0.7873, 0.0000)
            ( 0.0000, 1.0000, -0.0000, 0.0000)
            (-0.7873, 0.0000,  0.6166, 0.0000)
            (-4.7900, 0.0000,  3.8605, 1.0000)>
MESH
Flower_4_Clump.131
<Matrix 4x4 ( 0.7553, 0.0000, -0.6554, 0.0000)
            (-0.0000, 1.0000, -0.0000, 0.0000)
            ( 0.6554, 0.0000,  0.7553, 0.0000)
            (-5.2405, 0.0000,  3.6252, 1.0000)>
MESH
Flower_4_Clump.132
<Matrix 4x4 (-0.4451, 0.0000,  0.8955, 0.0000)
            ( 0.0000, 1.0000,  0.0000, 0.0000)
            (-0.8955, 0.0000, -0.4451, 0.0000)
            (-4.5703, 0.0000,  2.8837, 1.0000)>
MESH
Flower_4_Clump.133
<Matrix 4x4 (-0.1452, 0.0000,  0.9894, 0.0000)
            ( 0.0000, 1.0000,  0.0000, 0.0000)
            (-0.9894, 0.0000, -0.1452, 0.0000)
            (-4.5008, 0.0000,  2.3046, 1.0000)>
MESH
Flower_4_Clump.134
<Matrix 4x4 (-0.8261, 0.0000,  0.5635, 0.0000)
            ( 0.0000, 1.0000,  0.0000, 0.0000)
            (-0.5635, 0.0000, -0.8261, 0.0000)
            (-3.9722, 0.0000,  2.5994, 1.0000)>
MESH
Flower_4_Clump.135
<Matrix 4x4 ( 0.6166, 0.0000,  0.7873, 0.0000)
            ( 0.0000, 1.0000, -0.0000, 0.0000)
            (-0.7873, 0.0000,  0.6166, 0.0000)
            (-5.0812, 0.0000,  2.9987, 1.0000)>
MESH
Flower_4_Clump.136
<Matrix 4x4 (-0.2366, 0.0000,  0.9716, 0.0000)
            ( 0.0000, 1.0000,  0.0000, 0.0000)
            (-0.9716, 0.0000, -0.2366, 0.0000)
            (-3.9904, 0.0000,  3.4745, 1.0000)>
MESH
Flower_4_Clump.137
<Matrix 4x4 ( 0.8927, 0.0000,  0.4506, 0.0000)
            ( 0.0000, 1.0000, -0.0000, 0.0000)
            (-0.4506, 0.0000,  0.8927, 0.0000)
            (-3.4825, 0.0000,  3.4960, 1.0000)>
MESH
Flower_4_Clump.138
<Matrix 4x4 ( 0.8927, 0.0000,  0.4506, 0.0000)
            ( 0.0000, 1.0000, -0.0000, 0.0000)
            (-0.4506, 0.0000,  0.8927, 0.0000)
            (-3.6658, 0.0000,  2.9423, 1.0000)>
MESH
Flower_4_Clump.139
<Matrix 4x4 ( 0.8927, 0.0000,  0.4506, 0.0000)
            ( 0.0000, 1.0000, -0.0000, 0.0000)
            (-0.4506, 0.0000,  0.8927, 0.0000)
            (-3.0620, 0.0000,  2.9845, 1.0000)>
MESH
Flower_4_Clump.140
<Matrix 4x4 ( 0.3802, 0.0000, -0.9249, 0.0000)
            (-0.0000, 1.0000, -0.0000, 0.0000)
            ( 0.9249, 0.0000,  0.3802, 0.0000)
            (-3.2304, 0.0000,  0.2059, 1.0000)>
MESH
Flower_4_Clump.141
<Matrix 4x4 ( 0.3802, 0.0000, -0.9249, 0.0000)
            (-0.0000, 1.0000, -0.0000, 0.0000)
            ( 0.9249, 0.0000,  0.3802, 0.0000)
            (-3.2258, 0.0000,  0.8111, 1.0000)>
MESH
Flower_4_Clump.142
<Matrix 4x4 ( 0.3802, 0.0000, -0.9249, 0.0000)
            (-0.0000, 1.0000, -0.0000, 0.0000)
            ( 0.9249, 0.0000,  0.3802, 0.0000)
            (-2.6879, 0.0000,  0.5856, 1.0000)>
MESH
Flower_4_Clump.143
<Matrix 4x4 ( 0.9870, 0.0000,  0.1607, 0.0000)
            ( 0.0000, 1.0000, -0.0000, 0.0000)
            (-0.1607, 0.0000,  0.9870, 0.0000)
            (-2.6701, 0.0000,  1.0936, 1.0000)>
MESH
Flower_4_Clump.144
<Matrix 4x4 ( 0.8908, 0.0000,  0.4543, 0.0000)
            ( 0.0000, 1.0000, -0.0000, 0.0000)
            (-0.4543, 0.0000,  0.8908, 0.0000)
            (-2.9303, 0.0000,  3.2596, 1.0000)>
MESH
Flower_4_Clump.145
<Matrix 4x4 ( 0.7372, 0.0000, -0.6756, 0.0000)
            (-0.0000, 1.0000, -0.0000, 0.0000)
            ( 0.6756, 0.0000,  0.7372, 0.0000)
            (-2.7305, 0.0000,  2.7921, 1.0000)>
MESH
Flower_4_Clump.146
<Matrix 4x4 (-0.9536, 0.0000,  0.3012, 0.0000)
            ( 0.0000, 1.0000,  0.0000, 0.0000)
            (-0.3012, 0.0000, -0.9536, 0.0000)
            (-3.3132, 0.0000,  2.7677, 1.0000)>
MESH
Flower_4_Clump.147
<Matrix 4x4 ( 0.7372, 0.0000, -0.6756, 0.0000)
            (-0.0000, 1.0000, -0.0000, 0.0000)
            ( 0.6756, 0.0000,  0.7372, 0.0000)
            (-3.0602, 0.0000,  2.2179, 1.0000)>
MESH
Flower_4_Clump.148
<Matrix 4x4 ( 0.6257, 0.0000,  0.7800, 0.0000)
            ( 0.0000, 1.0000, -0.0000, 0.0000)
            (-0.7800, 0.0000,  0.6257, 0.0000)
            (-3.5439, 0.0000,  1.1431, 1.0000)>
MESH
Flower_4_Clump.149
<Matrix 4x4 ( 0.9977, 0.0000,  0.0683, 0.0000)
            ( 0.0000, 1.0000, -0.0000, 0.0000)
            (-0.0683, 0.0000,  0.9977, 0.0000)
            (-3.7970, 0.0000,  1.6929, 1.0000)>
MESH
Flower_4_Clump.150
<Matrix 4x4 ( 0.9272, 0.0000,  0.3745, 0.0000)
            ( 0.0000, 1.0000, -0.0000, 0.0000)
            (-0.3745, 0.0000,  0.9272, 0.0000)
            (-3.2142, 0.0000,  1.7174, 1.0000)>
MESH
Flower_4_Clump.151
<Matrix 4x4 ( 0.7372, 0.0000, -0.6756, 0.0000)
            (-0.0000, 1.0000, -0.0000, 0.0000)
            ( 0.6756, 0.0000,  0.7372, 0.0000)
            (-3.4140, 0.0000,  2.1848, 1.0000)>
MESH
Flower_4_Clump.152
<Matrix 4x4 (-0.7119, 0.0000, -0.7023, 0.0000)
            (-0.0000, 1.0000,  0.0000, 0.0000)
            ( 0.7023, 0.0000, -0.7119, 0.0000)
            (-2.4232, 0.0000,  2.3283, 1.0000)>
MESH
Flower_4_Clump.153
<Matrix 4x4 ( 0.7372, 0.0000, -0.6756, 0.0000)
            (-0.0000, 1.0000, -0.0000, 0.0000)
            ( 0.6756, 0.0000,  0.7372, 0.0000)
            (-2.2234, 0.0000,  1.8609, 1.0000)>
MESH
Flower_4_Clump.154
<Matrix 4x4 ( 0.7372, 0.0000, -0.6756, 0.0000)
            (-0.0000, 1.0000, -0.0000, 0.0000)
            ( 0.6756, 0.0000,  0.7372, 0.0000)
            (-2.8061, 0.0000,  1.8364, 1.0000)>
MESH
Flower_4_Clump.155
<Matrix 4x4 ( 0.7372, 0.0000, -0.6756, 0.0000)
            (-0.0000, 1.0000, -0.0000, 0.0000)
            ( 0.6756, 0.0000,  0.7372, 0.0000)
            (-2.5531, 0.0000,  1.2866, 1.0000)>
LIGHT
Light.003
<Matrix 4x4 (-0.2909, -0.0552,  0.9552, 0.0000)
            (-0.7711,  0.6045, -0.1999, 0.0000)
            (-0.5664, -0.7947, -0.2184, 0.0000)
            (-2.8992,  5.9039, -2.4001, 1.0000)>
MESH
Flower_4_Clump.156
<Matrix 4x4 (-0.9940, 0.0000, -0.1093, 0.0000)
            (-0.0000, 1.0000,  0.0000, 0.0000)
            ( 0.1093, 0.0000, -0.9940, 0.0000)
            (-7.0826, 0.0000, -3.0702, 1.0000)>
MESH
Flower_4_Clump.157
<Matrix 4x4 (-0.5913, 0.0000, -0.8064, 0.0000)
            (-0.0000, 1.0000,  0.0000, 0.0000)
            ( 0.8064, 0.0000, -0.5913, 0.0000)
            (-6.5023, 0.0000, -3.2422, 1.0000)>
MESH
Flower_4_Clump.158
<Matrix 4x4 (-0.9940, 0.0000, -0.1093, 0.0000)
            (-0.0000, 1.0000,  0.0000, 0.0000)
            ( 0.1093, 0.0000, -0.9940, 0.0000)
            (-6.8679, 0.0000, -3.6966, 1.0000)>
MESH
Flower_4_Clump.159
<Matrix 4x4 (-0.9940, 0.0000, -0.1093, 0.0000)
            (-0.0000, 1.0000,  0.0000, 0.0000)
            ( 0.1093, 0.0000, -0.9940, 0.0000)
            (-6.3847, 0.0000, -3.8544, 1.0000)>
MESH
Flower_4_Clump.160
<Matrix 4x4 (-0.9860, 0.0000,  0.1666, 0.0000)
            ( 0.0000, 1.0000,  0.0000, 0.0000)
            (-0.1666, 0.0000, -0.9860, 0.0000)
            (-5.2277, 0.0000, -5.6135, 1.0000)>
MESH
Flower_4_Clump.161
<Matrix 4x4 (-0.4413, 0.0000,  0.8974, 0.0000)
            ( 0.0000, 1.0000,  0.0000, 0.0000)
            (-0.8974, 0.0000, -0.4413, 0.0000)
            (-5.6495, 0.0000, -5.3297, 1.0000)>
MESH
Flower_4_Clump.162
<Matrix 4x4 (-0.0480, 0.0000, -0.9988, 0.0000)
            (-0.0000, 1.0000,  0.0000, 0.0000)
            ( 0.9988, 0.0000, -0.0480, 0.0000)
            (-5.1736, 0.0000, -4.9925, 1.0000)>
MESH
Flower_4_Clump.163
<Matrix 4x4 ( 0.2866, 0.0000, -0.9581, 0.0000)
            (-0.0000, 1.0000, -0.0000, 0.0000)
            ( 0.9581, 0.0000,  0.2866, 0.0000)
            (-5.6847, 0.0000, -4.6685, 1.0000)>
MESH
Flower_4_Clump.164
<Matrix 4x4 (-0.9860, 0.0000,  0.1666, 0.0000)
            ( 0.0000, 1.0000,  0.0000, 0.0000)
            (-0.1666, 0.0000, -0.9860, 0.0000)
            (-5.8626, 0.0000, -3.5034, 1.0000)>
MESH
Flower_4_Clump.165
<Matrix 4x4 (-0.3188, 0.0000, -0.9478, 0.0000)
            (-0.0000, 1.0000,  0.0000, 0.0000)
            ( 0.9478, 0.0000, -0.3188, 0.0000)
            (-5.3515, 0.0000, -3.8274, 1.0000)>
MESH
Flower_4_Clump.166
<Matrix 4x4 (-0.9860, 0.0000,  0.1666, 0.0000)
            ( 0.0000, 1.0000,  0.0000, 0.0000)
            (-0.1666, 0.0000, -0.9860, 0.0000)
            (-5.8274, 0.0000, -4.1646, 1.0000)>
MESH
Flower_4_Clump.167
<Matrix 4x4 (-0.9860, 0.0000,  0.1666, 0.0000)
            ( 0.0000, 1.0000,  0.0000, 0.0000)
            (-0.1666, 0.0000, -0.9860, 0.0000)
            (-5.4056, 0.0000, -4.4484, 1.0000)>
MESH
Flower_4_Clump.168
<Matrix 4x4 ( 0.7637, 0.0000,  0.6456, 0.0000)
            ( 0.0000, 1.0000, -0.0000, 0.0000)
            (-0.6456, 0.0000,  0.7637, 0.0000)
            (-6.1595, 0.0000, -5.1073, 1.0000)>
MESH
Flower_4_Clump.169
<Matrix 4x4 (-0.0682, 0.0000, -0.9977, 0.0000)
            (-0.0000, 1.0000,  0.0000, 0.0000)
            ( 0.9977, 0.0000, -0.0682, 0.0000)
            (-6.5812, 0.0000, -4.8235, 1.0000)>
MESH
Flower_4_Clump.170
<Matrix 4x4 (-0.9860, 0.0000,  0.1666, 0.0000)
            ( 0.0000, 1.0000,  0.0000, 0.0000)
            (-0.1666, 0.0000, -0.9860, 0.0000)
            (-6.1053, 0.0000, -4.4863, 1.0000)>
MESH
Flower_4_Clump.171
<Matrix 4x4 (-0.8533, 0.0000, -0.5214, 0.0000)
            (-0.0000, 1.0000,  0.0000, 0.0000)
            ( 0.5214, 0.0000, -0.8533, 0.0000)
            (-6.2316, 0.0000, -4.0203, 1.0000)>
MESH
Flower_4_Clump.172
<Matrix 4x4 ( 0.8504, 0.0000, -0.5261, 0.0000)
            (-0.0000, 1.0000, -0.0000, 0.0000)
            ( 0.5261, 0.0000,  0.8504, 0.0000)
            (-5.2116, 0.0000, -3.4724, 1.0000)>
MESH
Flower_4_Clump.173
<Matrix 4x4 ( 0.8504, 0.0000, -0.5261, 0.0000)
            (-0.0000, 1.0000, -0.0000, 0.0000)
            ( 0.5261, 0.0000,  0.8504, 0.0000)
            (-5.5628, 0.0000, -2.9796, 1.0000)>
MESH
Flower_4_Clump.174
<Matrix 4x4 ( 0.8504, 0.0000, -0.5261, 0.0000)
            (-0.0000, 1.0000, -0.0000, 0.0000)
            ( 0.5261, 0.0000,  0.8504, 0.0000)
            (-4.9949, 0.0000, -2.8467, 1.0000)>
MESH
Flower_4_Clump.175
<Matrix 4x4 ( 0.7051, 0.0000,  0.7091, 0.0000)
            ( 0.0000, 1.0000, -0.0000, 0.0000)
            (-0.7091, 0.0000,  0.7051, 0.0000)
            (-5.2784, 0.0000, -2.4248, 1.0000)>
MESH
Flower_4_Clump.176
<Matrix 4x4 ( 0.9934, 0.0000, -0.1148, 0.0000)
            (-0.0000, 1.0000, -0.0000, 0.0000)
            ( 0.1148, 0.0000,  0.9934, 0.0000)
            (-6.3235, 0.0000, -1.0845, 1.0000)>
MESH
Flower_4_Clump.177
<Matrix 4x4 ( 0.9934, 0.0000, -0.1148, 0.0000)
            (-0.0000, 1.0000, -0.0000, 0.0000)
            ( 0.1148, 0.0000,  0.9934, 0.0000)
            (-6.2538, 0.0000, -1.7430, 1.0000)>
MESH
Flower_4_Clump.178
<Matrix 4x4 ( 0.0493, 0.0000,  0.9988, 0.0000)
            ( 0.0000, 1.0000, -0.0000, 0.0000)
            (-0.9988, 0.0000,  0.0493, 0.0000)
            (-6.0152, 0.0000, -2.8972, 1.0000)>
MESH
Flower_4_Clump.179
<Matrix 4x4 ( 0.7680, 0.0000,  0.6404, 0.0000)
            ( 0.0000, 1.0000, -0.0000, 0.0000)
            (-0.6404, 0.0000,  0.7680, 0.0000)
            (-6.5426, 0.0000, -2.6003, 1.0000)>
MESH
Flower_4_Clump.180
<Matrix 4x4 ( 0.5314, 0.0000,  0.8471, 0.0000)
            ( 0.0000, 1.0000, -0.0000, 0.0000)
            (-0.8471, 0.0000,  0.5314, 0.0000)
            (-6.0850, 0.0000, -2.2387, 1.0000)>
MESH
Flower_4_Clump.181
<Matrix 4x4 ( 0.9934, 0.0000, -0.1148, 0.0000)
            (-0.0000, 1.0000, -0.0000, 0.0000)
            ( 0.1148, 0.0000,  0.9934, 0.0000)
            (-6.5210, 0.0000, -1.9773, 1.0000)>
MESH
Flower_4_Clump.182
<Matrix 4x4 (-0.1646, 0.0000, -0.9864, 0.0000)
            (-0.0000, 1.0000,  0.0000, 0.0000)
            ( 0.9864, 0.0000, -0.1646, 0.0000)
            (-5.8026, 0.0000, -1.2799, 1.0000)>
MESH
Flower_4_Clump.183
<Matrix 4x4 ( 0.9934, 0.0000, -0.1148, 0.0000)
            (-0.0000, 1.0000, -0.0000, 0.0000)
            ( 0.1148, 0.0000,  0.9934, 0.0000)
            (-5.3666, 0.0000, -1.5413, 1.0000)>
MESH
Flower_4_Clump.184
<Matrix 4x4 ( 0.9934, 0.0000, -0.1148, 0.0000)
            (-0.0000, 1.0000, -0.0000, 0.0000)
            ( 0.1148, 0.0000,  0.9934, 0.0000)
            (-5.8243, 0.0000, -1.9030, 1.0000)>
MESH
Flower_4_Clump.185
<Matrix 4x4 ( 0.9934, 0.0000, -0.1148, 0.0000)
            (-0.0000, 1.0000, -0.0000, 0.0000)
            ( 0.1148, 0.0000,  0.9934, 0.0000)
            (-5.2969, 0.0000, -2.1998, 1.0000)>
MESH
Flower_4_Clump.186
<Matrix 4x4 (-0.9203, 0.0000,  0.3911, 0.0000)
            ( 0.0000, 1.0000,  0.0000, 0.0000)
            (-0.3911, 0.0000, -0.9203, 0.0000)
            (-8.0124, 0.0000, -4.6127, 1.0000)>
MESH
Flower_4_Clump.187
<Matrix 4x4 ( 0.2423, 0.0000,  0.9702, 0.0000)
            ( 0.0000, 1.0000, -0.0000, 0.0000)
            (-0.9702, 0.0000,  0.2423, 0.0000)
            (-7.6498, 0.0000, -4.1281, 1.0000)>
MESH
Flower_4_Clump.188
<Matrix 4x4 (-0.7583, 0.0000,  0.6519, 0.0000)
            ( 0.0000, 1.0000,  0.0000, 0.0000)
            (-0.6519, 0.0000, -0.7583, 0.0000)
            (-7.3400, 0.0000, -3.5106, 1.0000)>
MESH
Flower_4_Clump.189
<Matrix 4x4 (-0.0321, 0.0000,  0.9995, 0.0000)
            ( 0.0000, 1.0000,  0.0000, 0.0000)
            (-0.9995, 0.0000, -0.0321, 0.0000)
            (-7.1236, 0.0000, -2.9453, 1.0000)>
MESH
Flower_4_Clump.190
<Matrix 4x4 (  0.2423, 0.0000,  0.9702, 0.0000)
            (  0.0000, 1.0000, -0.0000, 0.0000)
            ( -0.9702, 0.0000,  0.2423, 0.0000)
            (-10.4144, 0.0000, -1.3031, 1.0000)>
MESH
Flower_4_Clump.191
<Matrix 4x4 ( -0.9203, 0.0000,  0.3911, 0.0000)
            (  0.0000, 1.0000,  0.0000, 0.0000)
            ( -0.3911, 0.0000, -0.9203, 0.0000)
            (-10.7770, 0.0000, -1.7877, 1.0000)>
MESH
Flower_4_Clump.192
<Matrix 4x4 (-0.8533, 0.0000, -0.5214, 0.0000)
            (-0.0000, 1.0000,  0.0000, 0.0000)
            ( 0.5214, 0.0000, -0.8533, 0.0000)
            (-8.9962, 0.0000, -1.1953, 1.0000)>
MESH
Flower_4_Clump.193
<Matrix 4x4 (-0.9860, 0.0000,  0.1666, 0.0000)
            ( 0.0000, 1.0000,  0.0000, 0.0000)
            (-0.1666, 0.0000, -0.9860, 0.0000)
            (-8.8699, 0.0000, -1.6613, 1.0000)>
MESH
Flower_4_Clump.194
<Matrix 4x4 (-0.0682, 0.0000, -0.9977, 0.0000)
            (-0.0000, 1.0000,  0.0000, 0.0000)
            ( 0.9977, 0.0000, -0.0682, 0.0000)
            (-9.3458, 0.0000, -1.9985, 1.0000)>
MESH
Flower_4_Clump.195
<Matrix 4x4 ( 0.7637, 0.0000,  0.6456, 0.0000)
            ( 0.0000, 1.0000, -0.0000, 0.0000)
            (-0.6456, 0.0000,  0.7637, 0.0000)
            (-8.9241, 0.0000, -2.2823, 1.0000)>
MESH
Flower_4_Clump.196
<Matrix 4x4 (-0.9860, 0.0000,  0.1666, 0.0000)
            ( 0.0000, 1.0000,  0.0000, 0.0000)
            (-0.1666, 0.0000, -0.9860, 0.0000)
            (-8.1702, 0.0000, -1.6234, 1.0000)>
MESH
Flower_4_Clump.197
<Matrix 4x4 (-0.9860, 0.0000,  0.1666, 0.0000)
            ( 0.0000, 1.0000,  0.0000, 0.0000)
            (-0.1666, 0.0000, -0.9860, 0.0000)
            (-8.5920, 0.0000, -1.3396, 1.0000)>
MESH
Flower_4_Clump.198
<Matrix 4x4 ( 0.2866, 0.0000, -0.9581, 0.0000)
            (-0.0000, 1.0000, -0.0000, 0.0000)
            ( 0.9581, 0.0000,  0.2866, 0.0000)
            (-8.4493, 0.0000, -1.8435, 1.0000)>
MESH
Flower_4_Clump.199
<Matrix 4x4 (-0.0480, 0.0000, -0.9988, 0.0000)
            (-0.0000, 1.0000,  0.0000, 0.0000)
            ( 0.9988, 0.0000, -0.0480, 0.0000)
            (-7.9382, 0.0000, -2.1675, 1.0000)>
MESH
Flower_4_Clump.200
<Matrix 4x4 (-0.4413, 0.0000,  0.8974, 0.0000)
            ( 0.0000, 1.0000,  0.0000, 0.0000)
            (-0.8974, 0.0000, -0.4413, 0.0000)
            (-8.4141, 0.0000, -2.5047, 1.0000)>
MESH
Flower_4_Clump.201
<Matrix 4x4 (-0.9860, 0.0000,  0.1666, 0.0000)
            ( 0.0000, 1.0000,  0.0000, 0.0000)
            (-0.1666, 0.0000, -0.9860, 0.0000)
            (-7.9924, 0.0000, -2.7885, 1.0000)>
LIGHT
Light.004
<Matrix 4x4 ( -0.2909, -0.0552,  0.9552, 0.0000)
            ( -0.7711,  0.6045, -0.1999, 0.0000)
            ( -0.5664, -0.7947, -0.2184, 0.0000)
            (-10.9372,  5.9039, -4.6447, 1.0000)>
LIGHT
Light.005
<Matrix 4x4 (-0.2909, -0.0552,  0.9552, 0.0000)
            (-0.7711,  0.6045, -0.1999, 0.0000)
            (-0.5664, -0.7947, -0.2184, 0.0000)
            (-5.6103,  5.9039, -3.9918, 1.0000)>
MESH
Flower_4_Clump.202
<Matrix 4x4 (-0.9940, 0.0000, -0.1093, 0.0000)
            (-0.0000, 1.0000,  0.0000, 0.0000)
            ( 0.1093, 0.0000, -0.9940, 0.0000)
            (-9.7936, 0.0000, -4.6619, 1.0000)>
MESH
Flower_4_Clump.203
<Matrix 4x4 (-0.5913, 0.0000, -0.8064, 0.0000)
            (-0.0000, 1.0000,  0.0000, 0.0000)
            ( 0.8064, 0.0000, -0.5913, 0.0000)
            (-9.2133, 0.0000, -4.8339, 1.0000)>
MESH
Flower_4_Clump.204
<Matrix 4x4 (-0.9940, 0.0000, -0.1093, 0.0000)
            (-0.0000, 1.0000,  0.0000, 0.0000)
            ( 0.1093, 0.0000, -0.9940, 0.0000)
            (-9.5789, 0.0000, -5.2883, 1.0000)>
MESH
Flower_4_Clump.205
<Matrix 4x4 (  0.0377, 0.0000,  0.9993, 0.0000)
            (  0.0000, 1.0000, -0.0000, 0.0000)
            ( -0.9993, 0.0000,  0.0377, 0.0000)
            (-10.6781, 0.0000, -2.8982, 1.0000)>
MESH
Flower_4_Clump.206
<Matrix 4x4 (  0.0377, 0.0000,  0.9993, 0.0000)
            (  0.0000, 1.0000, -0.0000, 0.0000)
            ( -0.9993, 0.0000,  0.0377, 0.0000)
            (-10.9333, 0.0000, -3.4470, 1.0000)>
MESH
Flower_4_Clump.207
<Matrix 4x4 (  0.0377, 0.0000,  0.9993, 0.0000)
            (  0.0000, 1.0000, -0.0000, 0.0000)
            ( -0.9993, 0.0000,  0.0377, 0.0000)
            (-11.3292, 0.0000, -3.0187, 1.0000)>
MESH
Flower_4_Clump.208
<Matrix 4x4 (  0.9961, 0.0000, -0.0879, 0.0000)
            ( -0.0000, 1.0000, -0.0000, 0.0000)
            (  0.0879, 0.0000,  0.9961, 0.0000)
            (-11.5561, 0.0000, -3.4736, 1.0000)>
MESH
Flower_4_Clump.209
<Matrix 4x4 (  0.0377, 0.0000,  0.9993, 0.0000)
            (  0.0000, 1.0000, -0.0000, 0.0000)
            ( -0.9993, 0.0000,  0.0377, 0.0000)
            (-10.8053, 0.0000, -4.1359, 1.0000)>
MESH
Flower_4_Clump.210
<Matrix 4x4 ( -0.8857, 0.0000,  0.4643, 0.0000)
            (  0.0000, 1.0000,  0.0000, 0.0000)
            ( -0.4643, 0.0000, -0.8857, 0.0000)
            (-10.5784, 0.0000, -3.6810, 1.0000)>
MESH
Flower_4_Clump.211
<Matrix 4x4 ( -0.6979, 0.0000,  0.7162, 0.0000)
            (  0.0000, 1.0000,  0.0000, 0.0000)
            ( -0.7162, 0.0000, -0.6979, 0.0000)
            (-10.1825, 0.0000, -4.1093, 1.0000)>
MESH
Flower_4_Clump.212
<Matrix 4x4 (-0.9996, 0.0000, -0.0281, 0.0000)
            (-0.0000, 1.0000,  0.0000, 0.0000)
            ( 0.0281, 0.0000, -0.9996, 0.0000)
            (-9.9273, 0.0000, -3.5605, 1.0000)>
MESH
Flower_4_Clump.213
<Matrix 4x4 (  0.0377, 0.0000,  0.9993, 0.0000)
            (  0.0000, 1.0000, -0.0000, 0.0000)
            ( -0.9993, 0.0000,  0.0377, 0.0000)
            (-11.0596, 0.0000, -3.8876, 1.0000)>
MESH
Flower_4_Clump.214
<Matrix 4x4 (  0.3878, 0.0000, -0.9218, 0.0000)
            ( -0.0000, 1.0000, -0.0000, 0.0000)
            (  0.9218, 0.0000,  0.3878, 0.0000)
            (-11.3148, 0.0000, -4.4364, 1.0000)>
MESH
Flower_4_Clump.215
<Matrix 4x4 (  0.0377, 0.0000,  0.9993, 0.0000)
            (  0.0000, 1.0000, -0.0000, 0.0000)
            ( -0.9993, 0.0000,  0.0377, 0.0000)
            (-11.7107, 0.0000, -4.0081, 1.0000)>
MESH
Flower_4_Clump.216
<Matrix 4x4 ( -0.9230, 0.0000,  0.3848, 0.0000)
            (  0.0000, 1.0000,  0.0000, 0.0000)
            ( -0.3848, 0.0000, -0.9230, 0.0000)
            (-11.9376, 0.0000, -4.4630, 1.0000)>
MESH
Flower_4_Clump.217
<Matrix 4x4 ( -0.7615, 0.0000,  0.6482, 0.0000)
            (  0.0000, 1.0000,  0.0000, 0.0000)
            ( -0.6482, 0.0000, -0.7615, 0.0000)
            (-10.4552, 0.0000, -2.8625, 1.0000)>
MESH
Flower_4_Clump.218
<Matrix 4x4 (  0.4588, 0.0000,  0.8885, 0.0000)
            (  0.0000, 1.0000, -0.0000, 0.0000)
            ( -0.8885, 0.0000,  0.4588, 0.0000)
            (-10.0565, 0.0000, -2.5471, 1.0000)>
MESH
Flower_4_Clump.219
<Matrix 4x4 ( 0.4588, 0.0000,  0.8885, 0.0000)
            ( 0.0000, 1.0000, -0.0000, 0.0000)
            (-0.8885, 0.0000,  0.4588, 0.0000)
            (-9.8802, 0.0000, -3.1031, 1.0000)>
MESH
Flower_4_Clump.220
<Matrix 4x4 ( 0.4588, 0.0000,  0.8885, 0.0000)
            ( 0.0000, 1.0000, -0.0000, 0.0000)
            (-0.8885, 0.0000,  0.4588, 0.0000)
            (-9.4159, 0.0000, -2.7148, 1.0000)>
MESH
Flower_4_Clump.221
<Matrix 4x4 ( 0.4551, 0.0000,  0.8905, 0.0000)
            ( 0.0000, 1.0000, -0.0000, 0.0000)
            (-0.8905, 0.0000,  0.4551, 0.0000)
            (-9.4705, 0.0000, -2.4147, 1.0000)>
MESH
Flower_4_Clump.222
<Matrix 4x4 ( 0.9934, 0.0000, -0.1148, 0.0000)
            (-0.0000, 1.0000, -0.0000, 0.0000)
            ( 0.1148, 0.0000,  0.9934, 0.0000)
            (-9.0345, 0.0000, -2.6762, 1.0000)>
MESH
Flower_4_Clump.223
<Matrix 4x4 (-0.9490, 0.0000, -0.3153, 0.0000)
            (-0.0000, 1.0000,  0.0000, 0.0000)
            ( 0.3153, 0.0000, -0.9490, 0.0000)
            (-9.4922, 0.0000, -3.0378, 1.0000)>
MESH
Flower_4_Clump.224
<Matrix 4x4 ( 0.9934, 0.0000, -0.1148, 0.0000)
            (-0.0000, 1.0000, -0.0000, 0.0000)
            ( 0.1148, 0.0000,  0.9934, 0.0000)
            (-8.9648, 0.0000, -3.3346, 1.0000)>
MESH
Flower_4_Clump.225
<Matrix 4x4 ( 0.7680, 0.0000,  0.6404, 0.0000)
            ( 0.0000, 1.0000, -0.0000, 0.0000)
            (-0.6404, 0.0000,  0.7680, 0.0000)
            (-9.2536, 0.0000, -4.1920, 1.0000)>
MESH
Flower_4_Clump.226
<Matrix 4x4 ( 0.5314, 0.0000,  0.8471, 0.0000)
            ( 0.0000, 1.0000, -0.0000, 0.0000)
            (-0.8471, 0.0000,  0.5314, 0.0000)
            (-8.7960, 0.0000, -3.8304, 1.0000)>
MESH
Flower_4_Clump.227
<Matrix 4x4 ( 0.9934, 0.0000, -0.1148, 0.0000)
            (-0.0000, 1.0000, -0.0000, 0.0000)
            ( 0.1148, 0.0000,  0.9934, 0.0000)
            (-9.2320, 0.0000, -3.5690, 1.0000)>
MESH
Flower_4_Clump.228
<Matrix 4x4 (-0.1646, 0.0000, -0.9864, 0.0000)
            (-0.0000, 1.0000,  0.0000, 0.0000)
            ( 0.9864, 0.0000, -0.1646, 0.0000)
            (-8.5136, 0.0000, -2.8716, 1.0000)>
MESH
Flower_4_Clump.229
<Matrix 4x4 ( 0.9934, 0.0000, -0.1148, 0.0000)
            (-0.0000, 1.0000, -0.0000, 0.0000)
            ( 0.1148, 0.0000,  0.9934, 0.0000)
            (-8.5353, 0.0000, -3.4946, 1.0000)>
MESH
Flower_4_Clump.230
<Matrix 4x4 ( -0.0321, 0.0000,  0.9995, 0.0000)
            (  0.0000, 1.0000,  0.0000, 0.0000)
            ( -0.9995, 0.0000, -0.0321, 0.0000)
            (-10.6704, 0.0000, -5.1722, 1.0000)>
MESH
Flower_4_Clump.231
<Matrix 4x4 ( -0.0321, 0.0000,  0.9995, 0.0000)
            (  0.0000, 1.0000,  0.0000, 0.0000)
            ( -0.9995, 0.0000, -0.0321, 0.0000)
            (-10.4758, 0.0000, -4.7026, 1.0000)>
MESH
Flower_4_Clump.232
<Matrix 4x4 ( -0.7583, 0.0000,  0.6519, 0.0000)
            (  0.0000, 1.0000,  0.0000, 0.0000)
            ( -0.6519, 0.0000, -0.7583, 0.0000)
            (-10.0510, 0.0000, -5.1022, 1.0000)>
MESH
Flower_4_Clump.233
<Matrix 4x4 (-0.0321, 0.0000,  0.9995, 0.0000)
            ( 0.0000, 1.0000,  0.0000, 0.0000)
            (-0.9995, 0.0000, -0.0321, 0.0000)
            (-9.8346, 0.0000, -4.5370, 1.0000)>
